{
 "cells": [
  {
   "cell_type": "code",
   "execution_count": 1,
   "metadata": {},
   "outputs": [
    {
     "name": "stderr",
     "output_type": "stream",
     "text": [
      "OMP: Info #276: omp_set_nested routine deprecated, please use omp_set_max_active_levels instead.\n"
     ]
    }
   ],
   "source": [
    "import matplotlib.pyplot as plt\n",
    "\n",
    "import numpy as np\n",
    "import matplotlib.pyplot as plt\n",
    "import qutip as quit\n",
    "from qutip import (about, basis, expect, mesolve, qeye, sigmax, sigmay, sigmaz, tensor, mcsolve)\n",
    "from qutip.measurement import measure_observable, measurement_statistics\n",
    "from qutip.expect import expect\n",
    "from scipy.optimize import curve_fit\n",
    "import matplotlib.gridspec as gridspec\n",
    "#Add util to the path\n",
    "import sys\n",
    "sys.path.append('../util')\n",
    "sys.path.append('../')\n",
    "\n",
    "from matplotlib.colors import LinearSegmentedColormap\n",
    "import matplotlib.cm as cm\n",
    "#import savgol:\n",
    "from scipy.signal import savgol_filter\n",
    "from fitting_functions_ZNE import third_no_first_ZNE, converge_ZNE_order, converge_ZNE_loocv, order_poly_ZNE\n",
    "\n",
    "from qutip import (about, basis, expect, mesolve, qeye, sigmax, sigmay, sigmaz, tensor, mcsolve, sesolve, mesolve)\n",
    "from basic_TFIM_funcs import get_s_lists\n",
    "from joblib import Parallel, delayed\n",
    "from samplers_util import thermal_rejection\n",
    "from functions_util import calibrate_sim_Omegas, zero_temperature_Omega, cetina_envelope_exp, calibrate_Js\n"
   ]
  },
  {
   "cell_type": "code",
   "execution_count": 2,
   "metadata": {},
   "outputs": [
    {
     "name": "stdout",
     "output_type": "stream",
     "text": [
      "[0.05673721 0.06253054 0.07411725 0.09149722 0.10308393 0.11467058\n",
      " 0.14363726 0.17260395 0.23053732]\n",
      "600\n",
      "[0.05673721 0.06253054 0.07411725 0.09149722 0.10308393 0.11467058\n",
      " 0.14363726]\n",
      "[nan, 0.0007970105934828255, 0.0008680586878323292, 0.0014038012313436722, 0.007056137488073211, 3.0924092691926512]\n",
      "1\n",
      "[1 0]\n",
      "[[ 3.62732256e-05 -3.83495592e-04]\n",
      " [-3.83495592e-04  4.42923179e-03]]\n",
      "5.0255468526859446e-05\n",
      "0.0060227257622032775\n",
      "[nan, 0.010260033787575383, 0.009175703522373749, 0.032851440661534656, 1.1568090063735776, 9.166449545446097]\n",
      "2\n",
      "[1 0 0]\n",
      "[[ 5.21031593e-03 -1.14168341e-01  5.75066677e-01]\n",
      " [-1.14168341e-01  2.56333121e+00 -1.31598005e+01]\n",
      " [ 5.75066677e-01 -1.31598005e+01  6.89109681e+01]]\n",
      "0.013429396620684557\n",
      "0.07218251815475826\n",
      "[nan, 0.03238315201608986, 0.062172488085210725, 0.528880748344772, 0.22689088623679732, 2.067320891335343]\n",
      "1\n",
      "[1 0]\n",
      "[[ 0.00133689 -0.01315839]\n",
      " [-0.01315839  0.14180443]]\n",
      "0.0015695986199650977\n",
      "0.036563507114663454\n",
      "[nan, 0.02994340138215746, 0.06785315040138072, 0.45114793918734825, 0.48686398524734825, 12.747073781627618]\n",
      "1\n",
      "[1 0]\n",
      "[[ 0.0013621  -0.01340653]\n",
      " [-0.01340653  0.14447851]]\n",
      "0.00043881849242674993\n",
      "0.03690664766458138\n",
      "[nan, 0.015271980931490004, 0.014086126859968628, 0.18787688945451597, 0.3459411827809399, 27.857572973417756]\n",
      "2\n",
      "[1 0 0]\n",
      "[[ 9.03003606e-03 -1.92237765e-01  9.38625106e-01]\n",
      " [-1.92237765e-01  4.20137359e+00 -2.09081447e+01]\n",
      " [ 9.38625106e-01 -2.09081447e+01  1.05961633e+02]]\n",
      "0.005884843832827932\n",
      "0.09502650186643405\n",
      "[nan, 0.009573506247075165, 0.011613864999960893, 0.12578427701283534, 0.17256367763091443, 23.20329318110515]\n",
      "1\n",
      "[1 0]\n",
      "[[ 0.00040809 -0.00400943]\n",
      " [-0.00400943  0.04324149]]\n",
      "0.00028355875972978315\n",
      "0.020201333263962486\n",
      "[nan, 0.020952156519454937, 0.024274962576338623, 0.040436450803744174, 0.9702362913357174, 51.245031300988536]\n",
      "1\n",
      "[1 0]\n",
      "[[ 0.00090164 -0.00882501]\n",
      " [-0.00882501  0.09445984]]\n",
      "0.0014021627026662331\n",
      "0.03002736253960743\n",
      "[nan, 0.010893259655932153, 0.013085532695435836, 0.035650821460151354, 0.4731174192587119, 27.230694502143002]\n",
      "1\n",
      "[1 0]\n",
      "[[ 0.00047207 -0.00462051]\n",
      " [-0.00462051  0.04945631]]\n",
      "0.000651543940146981\n",
      "0.021727233896636017\n",
      "[nan, 0.014398713049924053, 0.022025240269923224, 0.023290376655026458, 0.02007213107003816, 60.93203840153696]\n",
      "1\n",
      "[1 0]\n",
      "[[ 0.00062482 -0.00613634]\n",
      " [-0.00613634  0.06604898]]\n",
      "0.0006985005019181324\n",
      "0.02499637922474221\n",
      "[nan, 0.009283966382143849, 0.01228616776612848, 0.007688564930890362, 0.04069495338553269, 39.71936774620165]\n",
      "3\n",
      "[1 0 0 0]\n",
      "[[ 1.49842608e-01 -4.93874775e+00  5.10887512e+01 -1.67166675e+02]\n",
      " [-4.93874775e+00  1.63683985e+02 -1.70135942e+03  5.58915378e+03]\n",
      " [ 5.10887512e+01 -1.70135942e+03  1.77662044e+04 -5.86031562e+04]\n",
      " [-1.67166675e+02  5.58915378e+03 -5.86031562e+04  1.94050223e+05]]\n",
      "0.31218202191950145\n",
      "0.3870950887944642\n",
      "[nan, 0.001785939667392305, 0.003310235036264822, 0.011785531192277222, 0.08375016075060582, 2.9337661938999346]\n",
      "1\n",
      "[1 0]\n",
      "[[ 7.50900171e-05 -7.61604790e-04]\n",
      " [-7.61604790e-04  8.48478200e-03]]\n",
      "6.223950539078394e-05\n",
      "0.008665449616284926\n",
      "[nan, 0.004581927029728136, 0.007338638559836555, 0.0017115296779220605, 0.04807216016012075, 1.1087250839210838]\n",
      "3\n",
      "[1 0 0 0]\n",
      "[[ 8.07936277e-03 -2.67585457e-01  2.78083227e+00 -9.13588357e+00]\n",
      " [-2.67585457e-01  8.90992072e+00 -9.30345885e+01  3.06868610e+02]\n",
      " [ 2.78083227e+00 -9.30345885e+01  9.75993949e+02 -3.23279690e+03]\n",
      " [-9.13588357e+00  3.06868610e+02 -3.23279690e+03  1.07510131e+04]]\n",
      "0.030736522671542334\n",
      "0.08988527560783988\n",
      "[nan, 0.007664755448958992, 0.010010165694886938, 0.09851022885923823, 0.7327332556226378, 0.002404492924564533]\n",
      "5\n",
      "[1 0 0 0 0 0]\n",
      "[[ 2.54897122e-02 -1.46666354e+00  3.28875872e+01 -3.59263640e+02\n",
      "   1.91272243e+03 -3.97208843e+03]\n",
      " [-1.46666354e+00  8.44999614e+01 -1.89715297e+03  2.07489356e+04\n",
      "  -1.10587054e+05  2.29875211e+05]\n",
      " [ 3.28875872e+01 -1.89715297e+03  4.26463875e+04 -4.66963682e+05\n",
      "   2.49149892e+06 -5.18407878e+06]\n",
      " [-3.59263640e+02  2.07489356e+04 -4.66963682e+05  5.11882894e+06\n",
      "  -2.73402168e+07  5.69409585e+07]\n",
      " [ 1.91272243e+03 -1.10587054e+05  2.49149892e+06 -2.73402168e+07\n",
      "   1.46170421e+08 -3.04699424e+08]\n",
      " [-3.97208843e+03  2.29875211e+05 -5.18407878e+06  5.69409585e+07\n",
      "  -3.04699424e+08  6.35683879e+08]]\n",
      "0.41235959514947923\n",
      "0.15965497855539634\n",
      "[nan, 0.011320286002068247, 0.013408906774659475, 0.10498279244761818, 0.06518005545222877, 4.134198284057761]\n",
      "1\n",
      "[1 0]\n",
      "[[ 0.00051777 -0.00523624]\n",
      " [-0.00523624  0.0581563 ]]\n",
      "0.0010891115523159022\n",
      "0.02275451962568497\n",
      "[nan, 0.024002244296763783, 0.04754270991388139, 0.007015050037460327, 1.6746853050324844, 0.5831176824405946]\n",
      "3\n",
      "[1 0 0 0]\n",
      "[[ 1.22251825e-01 -4.05904159e+00  4.22537057e+01 -1.39016390e+02]\n",
      " [-4.05904159e+00  1.35480230e+02 -1.41698250e+03  4.68071773e+03]\n",
      " [ 4.22537057e+01 -1.41698250e+03  1.48903935e+04 -4.93997793e+04]\n",
      " [-1.39016390e+02  4.68071773e+03 -4.93997793e+04  1.64573695e+05]]\n",
      "0.35109309340306416\n",
      "0.3496452839277258\n",
      "[nan, 0.05090413631749175, 0.058616632459447086, 0.025578425984213324, 0.39835947987142667, 14.351346138138819]\n",
      "3\n",
      "[1 0 0 0]\n",
      "[[ 1.13130638e-01 -3.75619722e+00  3.91011648e+01 -1.28644402e+02]\n",
      " [-3.75619722e+00  1.25372075e+02 -1.31126172e+03  4.33149028e+03]\n",
      " [ 3.91011648e+01 -1.31126172e+03  1.37794246e+04 -4.57140726e+04]\n",
      " [-1.28644402e+02  4.33149028e+03 -4.57140726e+04  1.52294888e+05]]\n",
      "0.4850110265571027\n",
      "0.33634898180976697\n",
      "[nan, 0.03419500699509305, 0.03406290394895737, 0.19199977292221912, 2.0610603814475064, 47.74264966059074]\n",
      "2\n",
      "[1 0 0]\n",
      "[[ 1.94754461e-02 -4.16384520e-01  2.04312140e+00]\n",
      " [-4.16384520e-01  9.13606177e+00 -4.56904633e+01]\n",
      " [ 2.04312140e+00 -4.56904633e+01  2.32757870e+02]]\n",
      "0.054301534289565745\n",
      "0.13955445585646578\n",
      "[nan, 0.04050677791695914, 0.03170994373274684, 0.05068377650378034, 1.2834049183935488, 50.87837231851356]\n",
      "2\n",
      "[1 0 0]\n",
      "[[ 1.46270586e-02 -3.12726119e-01  1.53448888e+00]\n",
      " [-3.12726119e-01  6.86165063e+00 -3.43158792e+01]\n",
      " [ 1.53448888e+00 -3.43158792e+01  1.74813085e+02]]\n",
      "0.051010068576629874\n",
      "0.12094237706940177\n",
      "[nan, 0.10408237085127515, 0.14888265492845476, 0.4324055590691601, 12.258627815215574, 10.652715203463066]\n",
      "1\n",
      "[1 0]\n",
      "[[ 0.00435976 -0.04281649]\n",
      " [-0.04281649  0.46120124]]\n",
      "0.01258595231635606\n",
      "0.06602850361702643\n",
      "[nan, 0.06561381298378019, 0.09113420629105304, 0.31469416279536416, 7.008364216496822, 8.471359376791044]\n",
      "1\n",
      "[1 0]\n",
      "[[ 0.0027487  -0.0269945 ]\n",
      " [-0.0269945   0.29077343]]\n",
      "0.00795483822861022\n",
      "0.05242803546532513\n",
      "[nan, 0.06271943713302627, 0.102369177376705, 0.05421415578115005, 16.764176397381853, 9.924448778994098]\n",
      "3\n",
      "[1 0 0 0]\n",
      "[[ 1.03418271e+00 -3.40171488e+01  3.51144028e+02 -1.14690740e+03]\n",
      " [-3.40171488e+01  1.12502121e+03 -1.16679351e+04  3.82594760e+04]\n",
      " [ 3.51144028e+02 -1.16679351e+04  1.21564881e+05 -4.00231802e+05]\n",
      " [-1.14690740e+03  3.82594760e+04 -4.00231802e+05  1.32272758e+06]]\n",
      "2.0479574980313067\n",
      "1.016947743585916\n"
     ]
    },
    {
     "name": "stderr",
     "output_type": "stream",
     "text": [
      "/Users/thomassteckmann/anaconda3/lib/python3.10/site-packages/scipy/optimize/_minpack_py.py:1010: OptimizeWarning: Covariance of the parameters could not be estimated\n",
      "  warnings.warn('Covariance of the parameters could not be estimated',\n"
     ]
    },
    {
     "name": "stdout",
     "output_type": "stream",
     "text": [
      "[nan, 0.03925415019652892, 0.06463956001950578, 0.03753148216437754, 7.925313967560235, 1.8499896949829109]\n",
      "3\n",
      "[1 0 0 0]\n",
      "[[ 5.38717488e-01 -1.77199189e+01  1.82914919e+02 -5.97437138e+02]\n",
      " [-1.77199189e+01  5.86036341e+02 -6.07796025e+03  1.99297974e+04]\n",
      " [ 1.82914919e+02 -6.07796025e+03  6.33245328e+04 -2.08485313e+05]\n",
      " [-5.97437138e+02  1.99297974e+04 -2.08485313e+05  6.89023900e+05]]\n",
      "1.3385274486832428\n",
      "0.7339737654559344\n",
      "[nan, 0.07332383115883576, 0.04999250904706514, 0.06362818417618474, 16.403880308486634, 49.930887676481206]\n",
      "2\n",
      "[1 0 0]\n",
      "[[ 3.30606039e-02 -7.08102708e-01  3.48359843e+00]\n",
      " [-7.08102708e-01  1.55576634e+01 -7.80084194e+01]\n",
      " [ 3.48359843e+00 -7.80084194e+01  3.98564388e+02]]\n",
      "0.05942769924852472\n",
      "0.18182575140510768\n",
      "[nan, 0.05633090718031304, 0.03750812973107711, 0.03682211984099022, 9.59876741772537, 29.55731186400005]\n",
      "3\n",
      "[1 0 0 0]\n",
      "[[ 6.34871501e-01 -2.09523987e+01  2.17206836e+02 -7.12369395e+02]\n",
      " [-2.09523987e+01  6.95366658e+02 -7.24419101e+03  2.38568286e+04]\n",
      " [ 2.17206836e+02 -7.24419101e+03  7.58323051e+04 -2.50808803e+05]\n",
      " [-7.12369395e+02  2.38568286e+04 -2.50808803e+05  8.32918849e+05]]\n",
      "1.2031859425067626\n",
      "0.796788240793948\n",
      "[nan, 0.09753532200340223, 0.00934197551691052, 0.01589960457579708, 0.018287273692513255, 15.632292227534798]\n",
      "2\n",
      "[1 0 0]\n",
      "[[ 3.76690837e-03 -8.10619439e-02  3.99475661e-01]\n",
      " [-8.10619439e-02  1.79014991e+00 -8.99213103e+00]\n",
      " [ 3.99475661e-01 -8.99213103e+00  4.60268983e+01]]\n",
      "0.024235953744462337\n",
      "0.061375144564492924\n",
      "[nan, 0.1010864281732071, 0.02132659768494225, 0.003829950071386813, 0.06659813001238608, 0.0004161435538914254]\n",
      "5\n",
      "[1 0 0 0 0 0]\n",
      "[[ 4.46703300e-03 -2.57036999e-01  5.76345825e+00 -6.29569876e+01\n",
      "   3.35171837e+02 -6.96031138e+02]\n",
      " [-2.57036999e-01  1.48091162e+01 -3.32474682e+02  3.63605108e+03\n",
      "  -1.93786021e+04  4.02813652e+04]\n",
      " [ 5.76345825e+00 -3.32474682e+02  7.47344106e+03 -8.18273730e+04\n",
      "   4.36576220e+05 -9.08375116e+05]\n",
      " [-6.29569876e+01  3.63605108e+03 -8.18273730e+04  8.96939397e+05\n",
      "  -4.79047688e+06  9.97692595e+06]\n",
      " [ 3.35171837e+02 -1.93786021e+04  4.36576220e+05 -4.79047688e+06\n",
      "   2.56107098e+07 -5.33863665e+07]\n",
      " [-6.96031138e+02  4.02813652e+04 -9.08375116e+05  9.97692595e+06\n",
      "  -5.33863665e+07  1.11377726e+08]]\n",
      "0.07161657830206153\n",
      "0.06683586610499037\n",
      "[nan, 0.1585783892657709, 0.05627130352826548, 0.25145287269426786, 4.721174256027802, 96.00731649209399]\n",
      "2\n",
      "[1 0 0]\n",
      "[[ 2.56446288e-02 -5.52074255e-01  2.72521413e+00]\n",
      " [-5.52074255e-01  1.21935149e+01 -6.13392422e+01]\n",
      " [ 2.72521413e+00 -6.13392422e+01  3.14321941e+02]]\n",
      "0.0701094329150306\n",
      "0.16013940415717295\n",
      "[nan, 0.1065714175216799, 0.024562867484224052, 0.10308191887620968, 1.4011662023088733, 20.852359825465385]\n",
      "2\n",
      "[1 0 0]\n",
      "[[ 9.04220448e-03 -1.94659412e-01  9.60900791e-01]\n",
      " [-1.94659412e-01  4.29938988e+00 -2.16279985e+01]\n",
      " [ 9.60900791e-01 -2.16279985e+01  1.10828799e+02]]\n",
      "0.04045077275676752\n",
      "0.09509050676036435\n",
      "[nan, 0.10725774889147564, 0.08863499550295653, 0.9158819732310736, 8.81648164905026, 24.529634451070276]\n",
      "2\n",
      "[1 0 0]\n",
      "[[ 5.10416559e-02 -1.09167091e+00  5.34166193e+00]\n",
      " [-1.09167091e+00  2.39480595e+01 -1.19349485e+02]\n",
      " [ 5.34166193e+00 -1.19349485e+02  6.05412865e+02]]\n",
      "0.12070020836956732\n",
      "0.22592400466062093\n",
      "[nan, 0.056307111332781976, 0.03696522474678441, 0.3530671631437268, 4.393607000257557, 9.140008751253287]\n",
      "2\n",
      "[1 0 0]\n",
      "[[ 2.18134007e-02 -4.66541580e-01  2.28283762e+00]\n",
      " [-4.66541580e-01  1.02345545e+01 -5.10057533e+01]\n",
      " [ 2.28283762e+00 -5.10057533e+01  2.58732073e+02]]\n",
      "0.050691402090631756\n",
      "0.14769360402667547\n",
      "[nan, 0.05325167752394928, 0.05827233503225153, 0.053615096061608095, 3.267337873503145, 129.10411543616482]\n",
      "1\n",
      "[1 0]\n",
      "[[ 0.00219491 -0.02166927]\n",
      " [-0.02166927  0.23453845]]\n",
      "0.0055199375407404515\n",
      "0.04684984617420042\n",
      "[nan, 0.027052914103802637, 0.03275136965436471, 0.0252801147932444, 1.7980712417872395, 63.531359556423446]\n",
      "3\n",
      "[1 0 0 0]\n",
      "[[ 4.42245417e-01 -1.45803730e+01  1.50840228e+02 -4.93611932e+02]\n",
      " [-1.45803730e+01  4.83352483e+02 -5.02446902e+03  1.65078482e+04]\n",
      " [ 1.50840228e+02 -5.02446902e+03  5.24728609e+04 -1.73113310e+05]\n",
      " [-4.93611932e+02  1.65078482e+04 -1.73113310e+05  5.73352385e+05]]\n",
      "1.345228202939045\n",
      "0.6650153509849954\n",
      "[nan, 0.0570529263846878, 0.046420702020049845, 0.1265312813687327, 0.4402073996696681, 254.73203636640136]\n",
      "2\n",
      "[1 0 0]\n",
      "[[ 3.25725294e-02 -6.91819824e-01  3.37686063e+00]\n",
      " [-6.91819824e-01  1.50796423e+01 -7.50223050e+01]\n",
      " [ 3.37686063e+00 -7.50223050e+01  3.80174807e+02]]\n",
      "0.02229861520428166\n",
      "0.18047861206962568\n",
      "[nan, 0.03156367238326553, 0.02525990436263175, 0.06072387637587297, 0.32487499043967627, 137.83495331602364]\n",
      "2\n",
      "[1 0 0]\n",
      "[[ 1.72785014e-02 -3.66984397e-01  1.79129758e+00]\n",
      " [-3.66984397e-01  7.99918322e+00 -3.97965122e+01]\n",
      " [ 1.79129758e+00 -3.97965122e+01  2.01668443e+02]]\n",
      "0.014602503189812157\n",
      "0.1314477137252914\n",
      "[nan, 0.041343667128498636, 0.05077598427538732, 0.062439093265099034, 8.6490082438264, 138.95234763203294]\n",
      "1\n",
      "[1 0]\n",
      "[[ 0.00193623 -0.01903725]\n",
      " [-0.01903725  0.20513587]]\n",
      "0.0003066447868959881\n",
      "0.0440025617594416\n",
      "[nan, 0.024354889713311897, 0.03529158665491619, 0.03693853156127438, 5.127329568292335, 59.18324056682434]\n",
      "1\n",
      "[1 0]\n",
      "[[ 0.00113788 -0.01118783]\n",
      " [-0.01118783  0.12055439]]\n",
      "0.00022544399716412284\n",
      "0.03373251177096655\n",
      "[nan, 0.1241472120665059, 0.0997728470665159, 0.10999616814187178, 19.03162437285869, 9.324359780294525]\n",
      "2\n",
      "[1 0 0]\n",
      "[[ 4.75562571e-02 -1.01449753e+00  4.96775607e+00]\n",
      " [-1.01449753e+00  2.22023871e+01 -1.10793977e+02]\n",
      " [ 4.96775607e+00 -1.10793977e+02  5.63180849e+02]]\n",
      "0.1663453224875339\n",
      "0.21807397163322043\n",
      "[nan, 0.07048430134713679, 0.06504944482372552, 0.04102133668475777, 9.306251402665486, 2.005225230497992]\n",
      "3\n",
      "[1 0 0 0]\n",
      "[[ 5.46629689e-01 -1.80232050e+01  1.86636920e+02 -6.11415697e+02]\n",
      " [-1.80232050e+01  5.97584347e+02 -6.21852105e+03  2.04548287e+04]\n",
      " [ 1.86636920e+02 -6.21852105e+03  6.50189051e+04 -2.14774033e+05]\n",
      " [-6.11415697e+02  2.04548287e+04 -2.14774033e+05  7.12281093e+05]]\n",
      "1.2518985439731103\n",
      "0.7393440938271194\n",
      "[nan, 0.22294372481614907, 0.1536948761937189, 0.23050090623749644, 0.04235064741810246, 120.54497447387901]\n",
      "4\n",
      "[1 0 0 0 0]\n",
      "[[ 1.81865321e+01 -8.19418997e+02  1.33466536e+04 -9.32682543e+04\n",
      "   2.36228563e+05]\n",
      " [-8.19418997e+02  3.70328751e+04 -6.04969720e+05  4.23887810e+06\n",
      "  -1.07608616e+07]\n",
      " [ 1.33466536e+04 -6.04969720e+05  9.91154336e+06 -6.96326978e+07\n",
      "   1.77180141e+08]\n",
      " [-9.32682543e+04  4.23887810e+06 -6.96326978e+07  4.90405023e+08\n",
      "  -1.25054021e+09]\n",
      " [ 2.36228563e+05 -1.07608616e+07  1.77180141e+08 -1.25054021e+09\n",
      "   3.19503598e+09]]\n",
      "69.95462081835625\n",
      "4.264567043357183\n",
      "[nan, 0.11352220699289464, 0.08502910440594444, 0.13234730973045022, 0.09949832840947243, 63.602772154073755]\n",
      "2\n",
      "[1 0 0]\n",
      "[[ 2.22673352e-02 -4.76016975e-01  2.33577373e+00]\n",
      " [-4.76016975e-01  1.04471071e+01 -5.22629147e+01]\n",
      " [ 2.33577373e+00 -5.22629147e+01  2.66389994e+02]]\n",
      "0.18904085975490395\n",
      "0.14922243537521324\n",
      "[nan, 0.1741549327512832, 0.11301084625560315, 0.6642702929326287, 5.447668898828024, 262.66127362438914]\n",
      "2\n",
      "[1 0 0]\n",
      "[[ 4.78218233e-02 -1.02184194e+00  5.00137457e+00]\n",
      " [-1.02184194e+00  2.24088379e+01 -1.11769181e+02]\n",
      " [ 5.00137457e+00 -1.11769181e+02  5.67715547e+02]]\n",
      "0.18648503249814047\n",
      "0.2186820140118457\n",
      "[nan, 0.07814800677609866, 0.052752181441288376, 0.3193638050418599, 2.9664050456770066, 110.22067625373032]\n",
      "2\n",
      "[1 0 0]\n",
      "[[ 2.17173874e-02 -4.64050430e-01  2.27128082e+00]\n",
      " [-4.64050430e-01  1.01765553e+01 -5.07578861e+01]\n",
      " [ 2.27128082e+00 -5.07578861e+01  2.57817410e+02]]\n",
      "0.08940149186428471\n",
      "0.14736820356648309\n",
      "[nan, 0.11175620815722292, 0.03636075733332478, 0.21527308550812393, 10.37397758801302, 14.97089940332184]\n",
      "2\n",
      "[1 0 0]\n",
      "[[ 2.09505148e-02 -4.43960369e-01  2.16539321e+00]\n",
      " [-4.43960369e-01  9.65683666e+00 -4.80168650e+01]\n",
      " [ 2.16539321e+00 -4.80168650e+01  2.43223822e+02]]\n",
      "0.049914354435349584\n",
      "0.14474292668679242\n",
      "[nan, 0.048579622392533106, 0.01759416342427407, 0.09512213285019779, 4.517471559097756, 4.23573158938761]\n",
      "2\n",
      "[1 0 0]\n",
      "[[ 9.32247999e-03 -1.97551786e-01  9.63548366e-01]\n",
      " [-1.97551786e-01  4.29706218e+00 -2.13663603e+01]\n",
      " [ 9.63548366e-01 -2.13663603e+01  1.08228801e+02]]\n",
      "0.02717607000878602\n",
      "0.09655299057618041\n",
      "[nan, 0.15024112613789536, 0.06971443408299981, 0.3511651081365177, 8.119929952796268, 15.819744274893477]\n",
      "2\n",
      "[1 0 0]\n",
      "[[ 3.25828730e-02 -6.93217383e-01  3.39211131e+00]\n",
      " [-6.93217383e-01  1.51368628e+01 -7.55017224e+01]\n",
      " [ 3.39211131e+00 -7.55017224e+01  3.83624918e+02]]\n",
      "0.12014525192641817\n",
      "0.18050726583678028\n",
      "[nan, 0.0672169255698072, 0.03059551481865464, 0.1729291246580619, 2.9811758144846596, 2.7950688716125875]\n",
      "2\n",
      "[1 0 0]\n",
      "[[ 1.38203048e-02 -2.94034097e-01  1.43879312e+00]\n",
      " [-2.94034097e-01  6.42043021e+00 -3.20247037e+01]\n",
      " [ 1.43879312e+00 -3.20247037e+01  1.62717803e+02]]\n",
      "0.0554152515805279\n",
      "0.11755979254600747\n",
      "[nan, 0.14708636599055866, 0.10693710142576116, 0.6878723040176165, 9.577020793918955, 139.24628731884502]\n",
      "2\n",
      "[1 0 0]\n",
      "[[ 5.52022901e-02 -1.17025975e+00  5.70777446e+00]\n",
      " [-1.17025975e+00  2.54720061e+01 -1.26664912e+02]\n",
      " [ 5.70777446e+00 -1.26664912e+02  6.41659453e+02]]\n",
      "0.14616436201702104\n",
      "0.23495167610209983\n",
      "[nan, 0.0660411326172705, 0.053679956231033096, 0.34887384034708124, 3.0962571834589885, 59.02846463127034]\n",
      "2\n",
      "[1 0 0]\n",
      "[[ 2.47147253e-02 -5.23939315e-01  2.55543916e+00]\n",
      " [-5.23939315e-01  1.14041229e+01 -5.67094040e+01]\n",
      " [ 2.55543916e+00 -5.67094040e+01  2.87278663e+02]]\n",
      "0.08449066414927633\n",
      "0.15720917700979156\n",
      "[nan, 0.045968112504719084, 0.044162988935007245, 0.2527215585525073, 6.619039096826471, 157.63089750110137]\n",
      "2\n",
      "[1 0 0]\n",
      "[[ 2.85897905e-02 -6.09031743e-01  2.97754200e+00]\n",
      " [-6.09031743e-01  1.33142752e+01 -6.63437633e+01]\n",
      " [ 2.97754200e+00 -6.63437633e+01  3.36742603e+02]]\n",
      "0.05315287789747422\n",
      "0.1690851576344568\n",
      "[nan, 0.02078665095139454, 0.021736468720265814, 0.08275325778921619, 1.3302560822753484, 81.52477076068264]\n",
      "1\n",
      "[1 0]\n",
      "[[ 0.00092157 -0.00913   ]\n",
      " [-0.00913     0.09920462]]\n",
      "0.001172531248318981\n",
      "0.03035741668934722\n",
      "[nan, 0.050910814326578006, 0.03476051014287376, 0.7282619341930064, 0.6795931894566891, 1.9131537572595971]\n",
      "2\n",
      "[1 0 0]\n",
      "[[ 2.11123750e-02 -4.51162490e-01  2.21502070e+00]\n",
      " [-4.51162490e-01  9.89932861e+00 -4.95511525e+01]\n",
      " [ 2.21502070e+00 -4.95511525e+01  2.52682146e+02]]\n",
      "0.04402756381252472\n",
      "0.14530098086415189\n",
      "[nan, 0.024044029212823247, 0.016008898977016038, 0.3102069923658671, 0.009514646332138041, 3.2864468854627127]\n",
      "4\n",
      "[1 0 0 0 0]\n",
      "[[ 4.64191736e-01 -2.08868738e+01  3.39748796e+02 -2.37106447e+03\n",
      "   5.99798971e+03]\n",
      " [-2.08868738e+01  9.42710121e+02 -1.53795489e+04  1.07617650e+05\n",
      "  -2.72860835e+05]\n",
      " [ 3.39748796e+02 -1.53795489e+04  2.51633977e+05 -1.76547000e+06\n",
      "   4.48662450e+06]\n",
      " [-2.37106447e+03  1.07617650e+05 -1.76547000e+06  1.24169721e+07\n",
      "  -3.16235367e+07]\n",
      " [ 5.99798971e+03 -2.72860835e+05  4.48662450e+06 -3.16235367e+07\n",
      "   8.06928556e+07]]\n",
      "1.7862066538900545\n",
      "0.6813161788282825\n",
      "[nan, 0.07930826034001023, 0.042470659883259654, 0.2587078947861409, 0.694645436357364, 135.04085034106615]\n",
      "2\n",
      "[1 0 0]\n",
      "[[ 2.41575980e-02 -5.14647908e-01  2.51770973e+00]\n",
      " [-5.14647908e-01  1.12551529e+01 -5.61291030e+01]\n",
      " [ 2.51770973e+00 -5.61291030e+01  2.85143405e+02]]\n",
      "0.07229859711982725\n",
      "0.15542714685755712\n",
      "[nan, 0.039761378127660195, 0.021561840866954087, 0.13734338992814635, 0.16891713109290762, 63.45708120178085]\n",
      "2\n",
      "[1 0 0]\n",
      "[[ 1.21679544e-02 -2.59223303e-01  1.26814669e+00]\n",
      " [-2.59223303e-01  5.66911451e+00 -2.82717007e+01]\n",
      " [ 1.26814669e+00 -2.82717007e+01  1.43624049e+02]]\n",
      "0.038337856867155365\n",
      "0.11030845138565097\n",
      "[nan, 0.11324098261579049, 0.0852500233300176, 0.12939317730625235, 0.4186939140533838, 59.59960366593768]\n",
      "2\n",
      "[1 0 0]\n",
      "[[ 2.39819221e-02 -5.09729301e-01  2.49208965e+00]\n",
      " [-5.09729301e-01  1.11184637e+01 -5.54096807e+01]\n",
      " [ 2.49208965e+00 -5.54096807e+01  2.81305242e+02]]\n",
      "0.20810361220654636\n",
      "0.1548609767419019\n",
      "[nan, 0.05103542214807116, 0.04216887440458712, 0.06328960938304101, 0.2786784450301664, 29.239384282116976]\n",
      "2\n",
      "[1 0 0]\n",
      "[[ 1.19207797e-02 -2.53372965e-01  1.23875189e+00]\n",
      " [-2.53372965e-01  5.52669449e+00 -2.75426877e+01]\n",
      " [ 1.23875189e+00 -2.75426877e+01  1.39829398e+02]]\n",
      "0.10264635038065889\n",
      "0.10918232323950555\n",
      "[nan, 0.17784241625226108, 0.1021241163541633, 0.04357569198519644, 8.309704303191397, 26.07344035886541]\n",
      "3\n",
      "[1 0 0 0]\n",
      "[[ 7.33155427e-01 -2.41774685e+01  2.50232160e+02 -8.19278520e+02]\n",
      " [-2.41774685e+01  8.01801470e+02 -8.33931081e+03  2.74158304e+04]\n",
      " [ 2.50232160e+02 -8.33931081e+03  8.71507276e+04 -2.87737742e+05]\n",
      " [-8.19278520e+02  2.74158304e+04 -2.87737742e+05  9.53851666e+05]]\n",
      "2.36518173732768\n",
      "0.8562449572580751\n",
      "[nan, 0.07426471811442656, 0.04779678663158167, 0.024826952200585, 4.369659410119433, 8.918750072031559]\n",
      "3\n",
      "[1 0 0 0]\n",
      "[[ 3.67820471e-01 -1.21297166e+01  1.25540232e+02 -4.11027917e+02]\n",
      " [-1.21297166e+01  4.02259828e+02 -4.18379070e+03  1.37543841e+04]\n",
      " [ 1.25540232e+02 -4.18379070e+03  4.37230836e+04 -1.44356569e+05]\n",
      " [-4.11027917e+02  1.37543841e+04 -1.44356569e+05  4.78542507e+05]]\n",
      "1.2133259480102891\n",
      "0.6064820450486282\n",
      "[nan, 0.29094913344302387, 0.3141199978036479, 0.36119688355761403, 2.233245027166892, 183.4857609548465]\n",
      "1\n",
      "[1 0]\n",
      "[[ 0.01103635 -0.10921058]\n",
      " [-0.10921058  1.18549805]]\n",
      "0.036994942868792485\n",
      "0.10505402643894254\n",
      "[nan, 0.13103199207128186, 0.14844169927292322, 0.17167601244819283, 1.030102082200258, 76.5278166442349]\n",
      "1\n",
      "[1 0]\n",
      "[[ 0.00496922 -0.04917307]\n",
      " [-0.04917307  0.53378136]]\n",
      "0.016543846530695357\n",
      "0.07049267591056191\n"
     ]
    }
   ],
   "source": [
    "# Data generated by Jij_Extrapolation.ipynb\n",
    "file = np.load('plotting_data_fig_4_12-3.npz')\n",
    "file = np.load('plotting_data_fig_4.npz')\n",
    "#file = np.load('plotting_data_fig_4_12-13_good.npz')\n",
    "#file = np.load('plotting_data_fig_4_12-3_v2.npz')\n",
    "#file = np.load('plotting_data_fig_4_12-20_v1.npz')\n",
    "\n",
    "\n",
    "\n",
    "#np.savez('Plotting data', times = times, leakage_matrix = leakage_matrix, flopping_matrix = flopping_matrix, flopping_std_matrix = flopping_std_matrix, flopping_matrix_ps = flopping_matrix_ps, flopping_matrix_smooth = flopping_matrix_smooth, flopping_std_matrix_smooth = flopping_std_matrix_smooth, ZNE_data = ZNE_data, ZNE_data_smooth = ZNE_data_smooth, Omega = Omega, decoherence_limit = decoherence_limit)\n",
    "\n",
    "times = file['times']\n",
    "theta_list = file['theta_list']\n",
    "print(theta_list)\n",
    "flopping_ps_smoothed = file['flopping_ps_smoothed']\n",
    "flopping_std_matrix = file['flopping_std_matrix']\n",
    "shots = file['shots']\n",
    "print(shots)\n",
    "Omega = file['Omega']\n",
    "flopping_matrix_smooth = file['flopping_matrix_smooth']\n",
    "flopping_matrix = file['flopping_matrix']\n",
    "leakage_matrix = file['leakage_matrix']\n",
    "#remove nans and infs from all of the above:\n",
    "flopping_matrix = np.nan_to_num(flopping_matrix)\n",
    "flopping_matrix_smooth = np.nan_to_num(flopping_matrix_smooth)\n",
    "flopping_ps_smoothed = np.nan_to_num(flopping_ps_smoothed)\n",
    "flopping_std_matrix = np.nan_to_num(flopping_std_matrix)\n",
    "leakage_matrix = np.nan_to_num(leakage_matrix)\n",
    "\n",
    "\n",
    "#import all data:\n",
    "\n",
    "theta_sub_index = [0, 1, 2, 3, 4, 5]#, 6, 7, 8]\n",
    "theta_sub_index = [0,1,2,3,4,5,6]\n",
    "theta_sub_index_mask = [i in theta_sub_index for i in range(len(theta_list))]\n",
    "print(theta_list[theta_sub_index_mask])\n",
    "weights_comp = np.array([1, 1, 1, 1, 1.5, 2,4])\n",
    "weights_comp = np.ones(len(theta_sub_index))\n",
    "#Make font size 16\n",
    "\n",
    "ZNE_function = converge_ZNE_loocv\n",
    "ZNE_function = lambda x, y, weights: converge_ZNE_loocv(x, y, debug=False, y_error=weights, return_cov=True, remove_first=False)\n",
    "\n",
    "#Get ZNed Data:\n",
    "ZNE_data_ps = np.zeros(len(times))\n",
    "ZNE_data_raw = np.zeros(len(times))\n",
    "ZNE_data_ps_errors = np.zeros(len(times))\n",
    "ZNE_data_raw_errors = np.zeros(len(times))\n",
    "ZNE_funcs = []\n",
    "ZNE_funcs_ps = []\n",
    "for i in range(30):\n",
    "    #fit_func = third_no_first_ZNE(theta_list[theta_sub_index_mask], flopping_matrix[i,theta_sub_index_mask])\n",
    "    fit_func, error = ZNE_function(theta_list[theta_sub_index_mask], flopping_ps_smoothed[i,theta_sub_index_mask], weights=flopping_std_matrix[i,theta_sub_index_mask]/np.sqrt(shots)*weights_comp)\n",
    "    ZNE_funcs_ps.append(fit_func)\n",
    "    ZNE_data_ps[i] = fit_func(0)\n",
    "    ZNE_data_ps_errors[i] = error\n",
    "    fit_func, error = ZNE_function(theta_list[theta_sub_index_mask], flopping_matrix_smooth[i,theta_sub_index_mask], weights=flopping_std_matrix[i,theta_sub_index_mask]/np.sqrt(shots)*weights_comp)\n",
    "    ZNE_funcs.append(fit_func)\n",
    "    ZNE_data_raw[i] = fit_func(0)\n",
    "    ZNE_data_raw_errors[i] = error\n",
    "\n",
    "ZNE_data_smooth_ps = ZNE_data_ps#savgol_filter(ZNE_data_ps, 6, 2)\n",
    "ZNE_data_smooth = ZNE_data_raw#savgol_filter(ZNE_data_raw, 6, 2)\n",
    "\n",
    "dense_theta = np.linspace(0, theta_list[theta_sub_index[-1]]+0.02, 25)\n"
   ]
  },
  {
   "cell_type": "code",
   "execution_count": 3,
   "metadata": {},
   "outputs": [
    {
     "name": "stdout",
     "output_type": "stream",
     "text": [
      "[0.         0.08413281 0.16826563 0.25239844 0.33653125 0.42066406\n",
      " 0.50479688 0.58892969 0.6730625  0.75719531 0.84132812 0.92546094\n",
      " 1.00959375 1.09372656 1.17785937 1.26199219 1.346125   1.43025781\n",
      " 1.51439063 1.59852344 1.68265625 1.76678906 1.85092188 1.93505469\n",
      " 2.0191875  2.10332031 2.18745313 2.27158594 2.35571875 2.43985156]\n",
      "0.11135643749999999\n",
      "[0.05005183 0.21442118]\n"
     ]
    },
    {
     "data": {
