{
 "cells": [
  {
   "cell_type": "code",
   "execution_count": 1,
   "metadata": {},
   "outputs": [
    {
     "name": "stderr",
     "output_type": "stream",
     "text": [
      "OMP: Info #276: omp_set_nested routine deprecated, please use omp_set_max_active_levels instead.\n"
     ]
    }
   ],
   "source": [
    "import matplotlib.pyplot as plt\n",
    "\n",
    "import numpy as np\n",
    "import matplotlib.pyplot as plt\n",
    "import qutip as quit\n",
    "from qutip import (about, basis, expect, mesolve, qeye, sigmax, sigmay, sigmaz, tensor, mcsolve)\n",
    "from qutip.measurement import measure_observable, measurement_statistics\n",
    "from qutip.expect import expect\n",
    "from scipy.optimize import curve_fit\n",
    "import matplotlib.gridspec as gridspec\n",
    "#Add util to the path\n",
    "import sys\n",
    "sys.path.append('../util')\n",
    "sys.path.append('../')\n",
    "\n",
    "from matplotlib.colors import LinearSegmentedColormap\n",
    "import matplotlib.cm as cm\n",
    "#import savgol:\n",
    "from scipy.signal import savgol_filter\n",
    "from fitting_functions_ZNE import third_no_first_ZNE, converge_ZNE_order, converge_ZNE_loocv, order_poly_ZNE\n",
    "\n",
    "from qutip import (about, basis, expect, mesolve, qeye, sigmax, sigmay, sigmaz, tensor, mcsolve, sesolve, mesolve)\n",
    "from basic_TFIM_funcs import get_s_lists\n",
    "from joblib import Parallel, delayed\n",
    "from samplers_util import thermal_rejection\n",
    "from functions_util import calibrate_sim_Omegas, zero_temperature_Omega, cetina_envelope_exp, calibrate_Js\n"
   ]
  },
  {
   "cell_type": "code",
   "execution_count": 2,
   "metadata": {},
   "outputs": [],
   "source": [
    "def cetina_envelope_exp(t, theta, Omega):\n",
    "    \"\"\"The full Cetina function for the single COM mode\n",
    "    shots\n",
    "    \n",
    "    Args:\n",
    "    t: float, time\n",
    "    theta: float, the shift of the gaussian envelope\n",
    "    Omega: float, the frequency of the gaussian envelope\n",
    "    \n",
    "    Returns:\n",
    "    float: the value of the function at time t\n",
    "    \"\"\"\n",
    "    C = 1/np.sqrt((1 + (Omega*theta*t)**2))\n",
    "    return  C * np.cos(Omega*t)"
   ]
  },
  {
   "cell_type": "code",
   "execution_count": 3,
   "metadata": {},
   "outputs": [],
   "source": [
    "to_run = 'old_data'\n",
    "#to_run = 'new_data'\n"
   ]
  },
  {
   "cell_type": "code",
   "execution_count": 4,
   "metadata": {},
   "outputs": [],
   "source": [
    "if to_run == 'new_data':\n",
    "    #Get the single qubit data:\n",
    "    file_single = np.load('../data/1_qubit_12_20_r1/data_dump.npz')\n",
    "    #print all the keys:\n",
    "    for k in file_single.keys():\n",
    "        print(k)\n",
    "    single_Omegas = file_single['Omegas']\n",
    "    print(single_Omegas)\n",
    "    Js = single_Omegas[:,0]*single_Omegas[:,1]\n",
    "    #print(file_single['thetas'])\n",
    "    print(Js/Js[0])\n",
    "    #print(Omega/Omega[0])\n",
    "    #print(J)"
   ]
  },
  {
   "cell_type": "code",
   "execution_count": 5,
   "metadata": {},
   "outputs": [
    {
     "name": "stdout",
     "output_type": "stream",
     "text": [
      "Theta_list\n",
      "[0.05673721 0.06253054 0.07411725 0.09149722 0.10308393 0.11467058\n",
      " 0.14363726 0.17260395 0.23053732]\n",
      "Fitted Theta_list\n",
      "600\n",
      "[0.05673721 0.06253054 0.07411725 0.09149722 0.10308393 0.11467058\n",
      " 0.14363726 0.17260395 0.23053732]\n",
      "[nan, 0.001841050916019409, 0.0015239055751378554, 0.000992668601328904, 0.055947565753062894, 0.06306473634055079, 206.89731863892482, 39749.39847577063]\n",
      "3\n",
      "[1 0 0 0]\n",
      "[[ 8.05213921e-04 -2.10554766e-02  1.62968502e-01 -3.79512862e-01]\n",
      " [-2.10554766e-02  5.62205372e-01 -4.42522389e+00  1.04329090e+01]\n",
      " [ 1.62968502e-01 -4.42522389e+00  3.54217205e+01 -8.46412861e+01]\n",
      " [-3.79512862e-01  1.04329090e+01 -8.46412861e+01  2.04711023e+02]]\n",
      "0.000549189363201351\n",
      "0.028376291531724458\n",
      "[nan, 0.01650417763428879, 0.016753320643818716, 0.16332310669190564, 0.3742496993925355, 0.0867086251204468, 6149.476844529914, 38204.92931953557]\n",
      "1\n",
      "[1 0]\n",
      "[[ 0.00016702 -0.00136183]\n",
      " [-0.00136183  0.01336464]]\n",
      "0.0002801209178940624\n",
      "0.012923435361525208\n",
      "[nan, 0.09323836033941148, 0.05828697932558073, 0.04296323100813731, 1.3088888038141047, 394.09248455229823, 6938.892386695349, 0.005605017049680039]\n",
      "7\n",
      "[1 0 0 0 0 0 0 0]\n",
      "[[ 2.81306180e-05 -1.93241002e-03  5.50080585e-02 -8.40676101e-01\n",
      "   7.44741470e+00 -3.82371792e+01  1.05341046e+02 -1.20105016e+02]\n",
      " [-1.93241002e-03  1.32886006e-01 -3.78656443e+00  5.79235558e+01\n",
      "  -5.13571373e+02  2.63880540e+03 -7.27448170e+03  8.29863001e+03]\n",
      " [ 5.50080585e-02 -3.78656443e+00  1.08002420e+02 -1.65362707e+03\n",
      "   1.46737770e+04 -7.54514015e+04  2.08132308e+05 -2.37564059e+05]\n",
      " [-8.40676101e-01  5.79235558e+01 -1.65362707e+03  2.53403259e+04\n",
      "  -2.25037850e+05  1.15793359e+06 -3.19609912e+06  3.64995783e+06]\n",
      " [ 7.44741470e+00 -5.13571373e+02  1.46737770e+04 -2.25037850e+05\n",
      "   1.99991094e+06 -1.02971769e+07  2.84380413e+07 -3.24920821e+07]\n",
      " [-3.82371792e+01  2.63880540e+03 -7.54514015e+04  1.15793359e+06\n",
      "  -1.02971769e+07  5.30489847e+07 -1.46581639e+08  1.67551225e+08]\n",
      " [ 1.05341046e+02 -7.27448170e+03  2.08132308e+05 -3.19609912e+06\n",
      "   2.84380413e+07 -1.46581639e+08  4.05206895e+08 -4.63353887e+08]\n",
      " [-1.20105016e+02  8.29863001e+03 -2.37564059e+05  3.64995783e+06\n",
      "  -3.24920821e+07  1.67551225e+08 -4.63353887e+08  5.30021980e+08]]\n",
      "0.001136772527206163\n",
      "0.005303830500762203\n",
      "[nan, 0.06722356189989356, 0.03794814712259591, 0.04988283067931011, 0.879820503064116, 303.24245792730625, 10411.715615974179, 54891.38149441404]\n",
      "2\n",
      "[1 0 0]\n",
      "[[ 2.89658995e-03 -4.57028612e-02  1.52658245e-01]\n",
      " [-4.57028612e-02  7.64330268e-01 -2.64391165e+00]\n",
      " [ 1.52658245e-01 -2.64391165e+00  9.47926709e+00]]\n",
      "0.0011914831987266436\n",
      "0.05381997725920993\n",
      "[nan, 0.03892053804715925, 0.054653019926461516, 0.03772726649717764, 0.6080294002517351, 51.39728800340238, 6794.957505784523, 253457.04694975275]\n",
      "3\n",
      "[1 0 0 0]\n",
      "[[ 1.33364575e-02 -3.40145406e-01  2.56824187e+00 -5.85323210e+00]\n",
      " [-3.40145406e-01  8.86911854e+00 -6.80703869e+01  1.56926514e+02]\n",
      " [ 2.56824187e+00 -6.80703869e+01  5.30391814e+02 -1.23701060e+03]\n",
      " [-5.85323210e+00  1.56926514e+02 -1.23701060e+03  2.91335214e+03]]\n",
      "0.02402240160173509\n",
      "0.11548358112228746\n"
     ]
    },
    {
     "name": "stderr",
     "output_type": "stream",
     "text": [
      "/Users/thomassteckmann/anaconda3/lib/python3.10/site-packages/scipy/optimize/_minpack_py.py:1010: OptimizeWarning: Covariance of the parameters could not be estimated\n",
      "  warnings.warn('Covariance of the parameters could not be estimated',\n"
     ]
    },
    {
     "name": "stdout",
     "output_type": "stream",
     "text": [
      "[nan, 0.01891335489717244, 0.023162312098983513, 0.04362456113046102, 0.23177222118305668, 42.04740888377856, 4614.945467271011, 230002.58362175373]\n",
      "1\n",
      "[1 0]\n",
      "[[ 0.00017809 -0.00125652]\n",
      " [-0.00125652  0.01073063]]\n",
      "0.00030647050107259074\n",
      "0.013345140270885028\n",
      "[nan, 0.042574541464910944, 0.054076105491690965, 0.02500926758268527, 0.9379905026852337, 2.387791077260803, 8726.259075318245, 509546.361116215]\n",
      "3\n",
      "[1 0 0 0]\n",
      "[[ 1.53183456e-02 -3.87931850e-01  2.91516704e+00 -6.62204324e+00]\n",
      " [-3.87931850e-01  1.00504480e+01 -7.68069543e+01  1.76535441e+02]\n",
      " [ 2.91516704e+00 -7.68069543e+01  5.96060279e+02 -1.38615368e+03]\n",
      " [-6.62204324e+00  1.76535441e+02 -1.38615368e+03  3.25510246e+03]]\n",
      "0.008379558894042322\n",
      "0.12376730414733678\n",
      "[nan, 0.028833863433201566, 0.030512408156408547, 0.012536438786247862, 0.7057747328426196, 0.014787259912776192, 4815.524064867015, 269016.4484547507]\n",
      "3\n",
      "[1 0 0 0]\n",
      "[[ 8.65301283e-03 -2.19134583e-01  1.64671685e+00 -3.74065359e+00]\n",
      " [-2.19134583e-01  5.67728774e+00 -4.33866408e+01  9.97211748e+01]\n",
      " [ 1.64671685e+00 -4.33866408e+01  3.36701974e+02 -7.83009192e+02]\n",
      " [-3.74065359e+00  9.97211748e+01 -7.83009192e+02  1.83873921e+03]]\n",
      "0.0034700709844144007\n",
      "0.09302157185346628\n",
      "[nan, 0.03750792983648357, 0.02350124917596618, 0.05715492416204786, 0.16164105269535287, 19.327355842346655, 1304.7798553629307, 914240.3035726226]\n",
      "2\n",
      "[1 0 0]\n",
      "[[ 1.53813425e-03 -2.41603173e-02  8.03014416e-02]\n",
      " [-2.41603173e-02  4.02672295e-01 -1.38595365e+00]\n",
      " [ 8.03014416e-02 -1.38595365e+00  4.93990404e+00]]\n",
      "0.00281732320341283\n",
      "0.039219054712885414\n",
      "[nan, 0.029368551474820162, 0.01694539531435043, 0.059576951346700144, 0.04628909519409438, 0.9624546348899082, 673.0729022091266, 617022.8798110287]\n",
      "2\n",
      "[1 0 0]\n",
      "[[ 1.08428905e-03 -1.70315219e-02  5.66075243e-02]\n",
      " [-1.70315219e-02  2.83858935e-01 -9.77011161e-01]\n",
      " [ 5.66075243e-02 -9.77011161e-01  3.48232528e+00]]\n",
      "0.002264648174562167\n",
      "0.03292854465012124\n",
      "[nan, 0.026383425521621894, 0.009719727245273334, 0.010852836866730348, 0.001608560897684041, 5.098816210479096, 129.25836340264797, 68175.70836826725]\n",
      "4\n",
      "[1 0 0 0 0]\n",
      "[[ 1.65647163e-02 -5.96659319e-01  7.40382157e+00 -3.77740733e+01\n",
      "   6.73881551e+01]\n",
      " [-5.96659319e-01  2.16336750e+01 -2.69993107e+02  1.38389358e+03\n",
      "  -2.47768170e+03]\n",
      " [ 7.40382157e+00 -2.69993107e+02  3.38817512e+03 -1.74484003e+04\n",
      "   3.13563057e+04]\n",
      " [-3.77740733e+01  1.38389358e+03 -1.74484003e+04  9.02352178e+04\n",
      "  -1.62725451e+05]\n",
      " [ 6.73881551e+01 -2.47768170e+03  3.13563057e+04 -1.62725451e+05\n",
      "   2.94315825e+05]]\n",
      "0.016947394555663953\n",
      "0.12870398710525527\n",
      "[nan, 0.01236705898616942, 0.011660563220531151, 0.03712483209529682, 0.1705962837033302, 0.004287905972173808, 24.592478894443968, 24792.763396392784]\n",
      "5\n",
      "[1 0 0 0 0 0]\n",
      "[[ 6.19692500e-02 -2.83324656e+00  4.88638229e+01 -3.98665344e+02\n",
      "   1.54319506e+03 -2.27299840e+03]\n",
      " [-2.83324656e+00  1.30121331e+02 -2.25411557e+03  1.84654935e+04\n",
      "  -7.17303318e+04  1.05962708e+05]\n",
      " [ 4.88638229e+01 -2.25411557e+03  3.92241031e+04 -3.22669164e+05\n",
      "   1.25804323e+06 -1.86415505e+06]\n",
      " [-3.98665344e+02  1.84654935e+04 -3.22669164e+05  2.66494245e+06\n",
      "  -1.04269378e+07  1.54965176e+07]\n",
      " [ 1.54319506e+03 -7.17303318e+04  1.25804323e+06 -1.04269378e+07\n",
      "   4.09256533e+07 -6.09867309e+07]\n",
      " [-2.27299840e+03  1.05962708e+05 -1.86415505e+06  1.54965176e+07\n",
      "  -6.09867309e+07  9.10890230e+07]]\n",
      "0.06355803467564239\n",
      "0.2489362367528064\n",
      "[nan, 0.014350305082479552, 0.019287533728923403, 0.02380441034559498, 1.9304951525951175, 5.395564093002395, 3053.6666040593477, 20361.288697722248]\n",
      "1\n",
      "[1 0]\n",
      "[[ 0.00014415 -0.00108785]\n",
      " [-0.00108785  0.00995924]]\n",
      "0.00018874494528923577\n",
      "0.012006063644228094\n",
      "[nan, 0.022523059564217938, 0.02865751842177123, 0.020812823695261815, 1.1602846854738327, 19.65389508218351, 1504.2154767427867, 31457.066461058217]\n",
      "3\n",
      "[1 0 0 0]\n",
      "[[ 8.67142489e-03 -2.24762019e-01  1.72283924e+00 -3.97258029e+00]\n",
      " [-2.24762019e-01  5.95059032e+00 -4.63562284e+01  1.08118083e+02]\n",
      " [ 1.72283924e+00 -4.63562284e+01  3.66725970e+02 -8.65573772e+02]\n",
      " [-3.97258029e+00  1.08118083e+02 -8.65573772e+02  2.06397799e+03]]\n",
      "0.023913197158166054\n",
      "0.09312048589700324\n",
      "[nan, 0.04737202123500314, 0.0766218733077996, 0.02615118506821971, 3.1583744258861497, 53.15142704005533, 3560.0159989011477, 5562.817039696845]\n",
      "3\n",
      "[1 0 0 0]\n",
      "[[ 1.50878899e-02 -3.92498496e-01  3.01164635e+00 -6.94433535e+00]\n",
      " [-3.92498496e-01  1.04307823e+01 -8.13542843e+01  1.89759745e+02]\n",
      " [ 3.01164635e+00 -8.13542843e+01  6.44560207e+02 -1.52171354e+03]\n",
      " [-6.94433535e+00  1.89759745e+02 -1.52171354e+03  3.62950712e+03]]\n",
      "0.017590618550136064\n",
      "0.12283277205600854\n",
      "[nan, 0.07502407025239434, 0.12302870158738549, 0.17416135684734943, 1.976575620281045, 5.788852670474507, 2792.8413402929787, 133571.867028292]\n",
      "1\n",
      "[1 0]\n",
      "[[ 0.00073832 -0.00551046]\n",
      " [-0.00551046  0.05038906]]\n",
      "0.001344076354182214\n",
      "0.027171973269417126\n",
      "[nan, 0.051187983016034104, 0.05236272573081306, 0.038515631578150786, 0.14777576736934206, 179.56244996487308, 7174.242403626348, 466498.7135954469]\n",
      "3\n",
      "[1 0 0 0]\n",
      "[[ 2.68944070e-02 -6.88433915e-01  5.21675035e+00 -1.19202365e+01]\n",
      " [-6.88433915e-01  1.80105796e+01 -1.38723893e+02  3.20623497e+02]\n",
      " [ 5.21675035e+00 -1.38723893e+02  1.08486136e+03 -2.53668426e+03]\n",
      " [-1.19202365e+01  3.20623497e+02 -2.53668426e+03  5.98946737e+03]]\n",
      "0.06705021451567217\n",
      "0.1639951432561755\n",
      "[nan, 0.06176635099268683, 0.06329260672318253, 0.09292800317026116, 0.03053889524600549, 66.3551995602448, 6933.622307848149, 528194.2621140344]\n",
      "4\n",
      "[1 0 0 0 0]\n",
      "[[ 3.17991287e-01 -1.13894770e+01  1.40589130e+02 -7.14161886e+02\n",
      "   1.26971987e+03]\n",
      " [-1.13894770e+01  4.10702467e+02 -5.09919558e+03  2.60239731e+04\n",
      "  -4.64350287e+04]\n",
      " [ 1.40589130e+02 -5.09919558e+03  6.36609835e+04 -3.26421785e+05\n",
      "   5.84614827e+05]\n",
      " [-7.14161886e+02  2.60239731e+04 -3.26421785e+05  1.68072980e+06\n",
      "  -3.02051009e+06]\n",
      " [ 1.26971987e+03 -4.64350287e+04  5.84614827e+05 -3.02051009e+06\n",
      "   5.44404969e+06]]\n",
      "0.8122489821153918\n",
      "0.5639071616626715\n",
      "[nan, 0.15610493518090016, 0.13022934094271255, 0.17230943861863882, 12.574169591028012, 215.84307876252112, 28383.30899639159, 2410.277065373434]\n",
      "2\n",
      "[1 0 0]\n",
      "[[ 9.09017912e-03 -1.42593770e-01  4.72257877e-01]\n",
      " [-1.42593770e-01  2.37397013e+00 -8.13947266e+00]\n",
      " [ 4.72257877e-01 -8.13947266e+00  2.88816646e+01]]\n",
      "0.03229177483412218\n",
      "0.09534243083672288\n",
      "[nan, 0.09709022067098277, 0.08221281136925772, 0.10059325619130827, 8.205453518146033, 152.98939639828038, 16004.382248076341, 549.28072150295]\n",
      "2\n",
      "[1 0 0]\n",
      "[[ 5.73559910e-03 -8.99719002e-02  2.97978926e-01]\n",
      " [-8.99719002e-02  1.49789574e+00 -5.13573498e+00]\n",
      " [ 2.97978926e-01 -5.13573498e+00  1.82233643e+01]]\n",
      "0.020403116832210858\n",
      "0.07573373816464211\n",
      "[nan, 0.10509961887243896, 0.13021914290758085, 0.7678357597049255, 0.7989750192501744, 40.51265265103819, 35483.880695265136, 929563.200972286]\n",
      "1\n",
      "[1 0]\n",
      "[[ 0.00103414 -0.00723093]\n",
      " [-0.00723093  0.06118896]]\n",
      "0.0013153127005391212\n",
      "0.03215796957048468\n",
      "[nan, 0.05806549123667132, 0.06510468182264412, 0.47163025862177554, 0.8458906131808775, 36.01415204213703, 16817.72756815555, 309540.27266952465]\n",
      "1\n",
      "[1 0]\n",
      "[[ 0.00056176 -0.00392797]\n",
      " [-0.00392797  0.03323892]]\n",
      "0.0008883446656973098\n",
      "0.02370148470572308\n",
      "[nan, 0.13786612201721837, 0.11423996075405289, 0.8993962401951399, 2.3320316749659074, 207.75386604096786, 21284.407059867128, 1944184.3500132859]\n",
      "2\n",
      "[1 0 0]\n",
      "[[ 7.58390248e-03 -1.20824633e-01  4.02661351e-01]\n",
      " [-1.20824633e-01  2.03747547e+00 -7.01803054e+00]\n",
      " [ 4.02661351e-01 -7.01803054e+00  2.50101455e+01]]\n",
      "0.01500367775880313\n",
      "0.08708560431580846\n",
      "[nan, 0.0854491968490641, 0.07248269964685611, 0.7146682509876154, 0.6216146758198721, 95.41719943784851, 12996.754870781373, 1156391.3739939388]\n",
      "2\n",
      "[1 0 0]\n",
      "[[ 5.13035908e-03 -8.17354594e-02  2.72392386e-01]\n",
      " [-8.17354594e-02  1.37831161e+00 -4.74755797e+00]\n",
      " [ 2.72392386e-01 -4.74755797e+00  1.69188656e+01]]\n",
      "0.010170802201210681\n",
      "0.0716265249670779\n",
      "[nan, 0.164786646938124, 0.08754765005132835, 0.9958878537018829, 2.5456104318538864, 29.0359901400916, 33.937287710675875, 263490.07560901466]\n",
      "2\n",
      "[1 0 0]\n",
      "[[ 5.67906895e-03 -9.13534533e-02  3.08002077e-01]\n",
      " [-9.13534533e-02  1.55851856e+00 -5.44084383e+00]\n",
      " [ 3.08002077e-01 -5.44084383e+00  1.97000952e+01]]\n",
      "0.017569558779470636\n",
      "0.07535959756682047\n",
      "[nan, 0.14210371611234532, 0.1080103951608688, 0.9604821465384055, 0.9707910085577817, 9.942668349814284, 56.69141348692329, 858.5551636598891]\n",
      "2\n",
      "[1 0 0]\n",
      "[[ 6.43126956e-03 -1.03453347e-01  3.48797382e-01]\n",
      " [-1.03453347e-01  1.76494655e+00 -6.16149125e+00]\n",
      " [ 3.48797382e-01 -6.16149125e+00  2.23094003e+01]]\n",
      "0.025830547056865355\n",
      "0.08019519661668797\n",
      "[nan, 0.21118302206300094, 0.23475547278436, 0.5965269398129701, 3.07305605418386, 175.000852546516, 602.2016647681094, 2038210.4779281213]\n",
      "1\n",
      "[1 0]\n",
      "[[ 0.00198919 -0.01451862]\n",
      " [-0.01451862  0.12909625]]\n",
      "0.0028360678855190342\n",
      "0.04460029820206601\n",
      "[nan, 0.15096303349227994, 0.1669894037688715, 0.3625991286520485, 1.5514887912707334, 65.42207286872011, 234.2822631076706, 461712.8481415686]\n",
      "1\n",
      "[1 0]\n",
      "[[ 0.00144354 -0.01053607]\n",
      " [-0.01053607  0.09368436]]\n",
      "0.0024370522699845563\n",
      "0.03799395399798791\n",
      "[nan, 0.32193550015720035, 0.13548997238164265, 0.10387711150617532, 1.362709127795608, 757.5570633853616, 3817.787858982682, 802556.3461144511]\n",
      "3\n",
      "[1 0 0 0]\n",
      "[[ 7.20493016e-02 -1.84662943e+00  1.39836128e+01 -3.19113841e+01]\n",
      " [-1.84662943e+00  4.83417320e+01 -3.71854807e+02  8.57907517e+02]\n",
      " [ 1.39836128e+01 -3.71854807e+02  2.90232556e+03 -6.77067114e+03]\n",
      " [-3.19113841e+01  8.57907517e+02 -6.77067114e+03  1.59416035e+04]]\n",
      "0.17163766933553928\n",
      "0.26842000974803487\n",
      "[nan, 0.20043504941303775, 0.07711860805078818, 0.04967602238755472, 0.5962447214785338, 304.0218542785019, 2659.570402205828, 343931.5387334159]\n",
      "3\n",
      "[1 0 0 0]\n",
      "[[ 3.11094835e-02 -7.97338535e-01  6.03785078e+00 -1.37787118e+01]\n",
      " [-7.97338535e-01  2.08730150e+01 -1.60559632e+02  3.70427676e+02]\n",
      " [ 6.03785078e+00 -1.60559632e+02  1.25316737e+03 -2.92344321e+03]\n",
      " [-1.37787118e+01  3.70427676e+02 -2.92344321e+03  6.88327209e+03]]\n",
      "0.08375329281906678\n",
      "0.17637880694977442\n",
      "[nan, 0.4923719154413686, 0.06923921744772212, 0.3419918434452025, 0.07437610470826705, 4.340866979945995, 25646.347157301378, 1211506.8969089785]\n",
      "2\n",
      "[1 0 0]\n",
      "[[ 4.66816720e-03 -7.33863272e-02  2.43408404e-01]\n",
      " [-7.33863272e-02  1.22423026e+00 -4.20300560e+00]\n",
      " [ 2.43408404e-01 -4.20300560e+00  1.49315266e+01]]\n",
      "0.013126830551255991\n",
      "0.06832398696995136\n",
      "[nan, 0.264141781091707, 0.03674798816950907, 0.2086997546205432, 0.06027423041078607, 4.819436468403878, 13077.964132515963, 585513.065940835]\n",
      "2\n",
      "[1 0 0]\n",
      "[[ 2.53513476e-03 -3.98538057e-02  1.32187446e-01]\n",
      " [-3.98538057e-02  6.64840934e-01 -2.28252008e+00]\n",
      " [ 1.32187446e-01 -2.28252008e+00  8.10884216e+00]]\n",
      "0.007289576640351421\n",
      "0.050350121766465854\n",
      "[nan, 0.4574856148292643, 0.0585050178477076, 0.08306203297331309, 0.6119608983598176, 34.151147955029316, 6014.680398095777, 3885183.7729631686]\n",
      "2\n",
      "[1 0 0]\n",
      "[[ 4.56768961e-03 -7.19191625e-02  2.38773151e-01]\n",
      " [-7.19191625e-02  1.19990359e+00 -4.12161735e+00]\n",
      " [ 2.38773151e-01 -4.12161735e+00  1.46531684e+01]]\n",
      "0.002552373997927172\n",
      "0.06758468474342909\n",
      "[nan, 0.2351946820497684, 0.03033758972966361, 0.03381777062926082, 0.08232620263444486, 22.77385037288151, 2792.206494925314, 2138703.573219382]\n",
      "2\n",
      "[1 0 0]\n",
      "[[ 2.37020446e-03 -3.73193312e-02  1.23900973e-01]\n",
      " [-3.73193312e-02  6.22637949e-01 -2.13873462e+00]\n",
      " [ 1.23900973e-01 -2.13873462e+00  7.60362633e+00]]\n",
      "0.0012396015342708059\n",
      "0.04868474570853583\n",
      "[nan, 0.23351488915066979, 0.08638026666206526, 0.1424558000795673, 0.09660916480551075, 100.50554014604205, 4272.881608605824, 3263926.3162278133]\n",
      "2\n",
      "[1 0 0]\n",
      "[[ 5.59925954e-03 -8.81484823e-02  2.92990897e-01]\n",
      " [-8.81484823e-02  1.47113409e+00 -5.06156811e+00]\n",
      " [ 2.92990897e-01 -5.06156811e+00  1.80352979e+01]]\n",
      "0.009936941935316447\n",
      "0.07482820014106387\n",
      "[nan, 0.12264351495793697, 0.05337346296814323, 0.07752352715642165, 0.09465302479996901, 84.06079683016625, 3088.840676226173, 1487291.8112546932]\n",
      "2\n",
      "[1 0 0]\n",
      "[[ 3.30484707e-03 -5.20278217e-02  1.72931832e-01]\n",
      " [-5.20278217e-02  8.68306495e-01 -2.98748584e+00]\n",
      " [ 1.72931832e-01 -2.98748584e+00  1.06449603e+01]]\n",
      "0.00716598460074446\n",
      "0.05748779930513294\n",
      "[nan, 0.15000505482353227, 0.174858167327468, 0.9807506870049496, 0.0668212039541556, 39.97748197718232, 42079.393255765724, 994845.7077087436]\n",
      "4\n",
      "[1 0 0 0 0]\n",
      "[[ 8.12744825e-01 -2.90960809e+01  3.59201556e+02 -1.82515755e+03\n",
      "   3.24583296e+03]\n",
      " [-2.90960809e+01  1.04890414e+03 -1.30268180e+04  6.65090032e+04\n",
      "  -1.18714623e+05]\n",
      " [ 3.59201556e+02 -1.30268180e+04  1.62704234e+05 -8.34676655e+05\n",
      "   1.49551353e+06]\n",
      " [-1.82515755e+03  6.65090032e+04 -8.34676655e+05  4.30012577e+06\n",
      "  -7.73152706e+06]\n",
      " [ 3.24583296e+03 -1.18714623e+05  1.49551353e+06 -7.73152706e+06\n",
      "   1.39419000e+07]]\n",
      "1.1038042269761856\n",
      "0.9015236129200563\n",
      "[nan, 0.0857159556486131, 0.1010464584905197, 0.5764345012726162, 0.0837916007855283, 41.09493072309558, 20435.610246411077, 361893.09620228916]\n",
      "4\n",
      "[1 0 0 0 0]\n",
      "[[ 4.16794548e-01 -1.49211514e+01  1.84206974e+02 -9.35983580e+02\n",
      "   1.66453925e+03]\n",
      " [-1.49211514e+01  5.37902624e+02 -6.68045776e+03  3.41073774e+04\n",
      "  -6.08796443e+04]\n",
      " [ 1.84206974e+02 -6.68045776e+03  8.34385492e+04 -4.28041783e+05\n",
      "   7.66934446e+05]\n",
      " [-9.35983580e+02  3.41073774e+04 -4.28041783e+05  2.20520546e+06\n",
      "  -3.96490861e+06]\n",
      " [ 1.66453925e+03 -6.08796443e+04  7.66934446e+05 -3.96490861e+06\n",
      "   7.14973364e+06]]\n",
      "0.695198280371698\n",
      "0.6455962734296671\n",
      "[nan, 0.3636112963668447, 0.22719779798441408, 2.7415182445873376, 1.4171139022132517, 130.97868809251642, 966.0923750585695, 1933045.8499225224]\n",
      "2\n",
      "[1 0 0]\n",
      "[[ 1.56100275e-02 -2.46666856e-01  8.20255268e-01]\n",
      " [-2.46666856e-01  4.13522176e+00 -1.42305687e+01]\n",
      " [ 8.20255268e-01 -1.42305687e+01  5.06783808e+01]]\n",
      "0.02419735579697\n",
      "0.12494009563665813\n",
      "[nan, 0.1755483471833887, 0.11946577755861963, 1.4260608335152754, 0.6061045347089531, 70.1040640973578, 86.32061578370698, 1095503.753351355]\n",
      "2\n",
      "[1 0 0]\n",
      "[[ 8.19021950e-03 -1.29420380e-01  4.30368915e-01]\n",
      " [-1.29420380e-01  2.16965495e+00 -7.46644930e+00]\n",
      " [ 4.30368915e-01 -7.46644930e+00  2.65897706e+01]]\n",
      "0.012879380745952055\n",
      "0.090499831467975\n",
      "[nan, 0.5156879872707238, 0.14310056937455098, 0.8988164485009424, 1.7605198575525214, 172.34253346961125, 4423.151256034794, 5622785.885098696]\n",
      "2\n",
      "[1 0 0]\n",
      "[[ 9.96778009e-03 -1.57418176e-01  5.22730355e-01]\n",
      " [-1.57418176e-01  2.63912545e+00 -9.07060557e+00]\n",
      " [ 5.22730355e-01 -9.07060557e+00  3.22613682e+01]]\n",
      "0.010918171292271446\n",
      "0.09983877047047879\n",
      "[nan, 0.23491529158724583, 0.06415055271164219, 0.4126420411665937, 0.7412225925949263, 80.66666450328596, 3127.6599488640118, 2467571.8441578983]\n",
      "2\n",
      "[1 0 0]\n",
      "[[ 4.48464181e-03 -7.08246095e-02  2.35183601e-01]\n",
      " [-7.08246095e-02  1.18737895e+00 -4.08099061e+00]\n",
      " [ 2.35183601e-01 -4.08099061e+00  1.45148348e+01]]\n",
      "0.004569903466507898\n",
      "0.06696746827103563\n",
      "[nan, 0.5683713029033926, 0.06564495623603103, 0.2434325925926705, 1.0142458693958574, 1.9822682027262828, 25201.633318412383, 933325.0190681529]\n",
      "2\n",
      "[1 0 0]\n",
      "[[ 4.55907290e-03 -7.13908794e-02  2.35859824e-01]\n",
      " [-7.13908794e-02  1.18396643e+00 -4.04489849e+00]\n",
      " [ 2.35859824e-01 -4.04489849e+00  1.42898798e+01]]\n",
      "0.008600158995535638\n",
      "0.0675209071068514\n",
      "[nan, 0.2680716492641978, 0.027877774100582606, 0.09902804252934665, 0.23953922358231317, 1.9530030589983858, 11797.398627217335, 336259.6163601986]\n",
      "2\n",
      "[1 0 0]\n",
      "[[ 1.92067185e-03 -3.00759506e-02  9.93643501e-02]\n",
      " [-3.00759506e-02  4.98788024e-01 -1.70405753e+00]\n",
      " [ 9.93643501e-02 -1.70405753e+00  6.02012067e+00]]\n",
      "0.003804083155922641\n",
      "0.04382547033474393\n",
      "[nan, 0.5194033379027909, 0.25216886055511356, 0.12667958344108857, 0.28386253586992144, 506.10034689474173, 5810.013054812529, 54270.15211714782]\n",
      "3\n",
      "[1 0 0 0]\n",
      "[[ 4.88935272e-02 -1.24304319e+00  9.36981347e+00 -2.13266643e+01]\n",
      " [-1.24304319e+00  3.23056668e+01 -2.47550277e+02  5.69960602e+02]\n",
      " [ 9.36981347e+00 -2.47550277e+02  1.92598984e+03 -4.48608249e+03]\n",
      " [-2.13266643e+01  5.69960602e+02 -4.48608249e+03  1.05500564e+04]]\n",
      "0.10854487955389308\n",
      "0.2211188079892373\n",
      "[nan, 0.24621435426887645, 0.11460157502456393, 0.062557618542831, 0.09754197586070162, 229.57278187561275, 2178.102860364831, 147859.2968364309]\n",
      "3\n",
      "[1 0 0 0]\n",
      "[[ 2.10148368e-02 -5.34270100e-01  4.02722233e+00 -9.16637453e+00]\n",
      " [-5.34270100e-01  1.38852391e+01 -1.06399131e+02  2.44973724e+02]\n",
      " [ 4.02722233e+00 -1.06399131e+02  8.27806189e+02 -1.92815497e+03]\n",
      " [-9.16637453e+00  2.44973724e+02 -1.92815497e+03  4.53450065e+03]]\n",
      "0.05299887836567191\n",
      "0.1449649502571434\n",
      "[nan, 0.34267170666110064, 0.251455897456939, 0.15244269806443678, 0.12859806979144617, 756.4948935843873, 889.3534785546245, 3029872.594327001]\n",
      "4\n",
      "[1 0 0 0 0]\n",
      "[[ 1.40267226e+00 -5.01168194e+01  6.17617307e+02 -3.13417734e+03\n",
      "   5.56882890e+03]\n",
      " [-5.01168194e+01  1.80321630e+03 -2.23549035e+04  1.13984352e+05\n",
      "  -2.03270504e+05]\n",
      " [ 6.17617307e+02 -2.23549035e+04  2.78695108e+05 -1.42776447e+06\n",
      "   2.55574544e+06]\n",
      " [-3.13417734e+03  1.13984352e+05 -1.42776447e+06  7.34527413e+06\n",
      "  -1.31937064e+07]\n",
      " [ 5.56882890e+03 -2.03270504e+05  2.55574544e+06 -1.31937064e+07\n",
      "   2.37677116e+07]]\n",
      "2.6523233050346793\n",
      "1.1843446545028662\n",
      "[nan, 0.1518243843829042, 0.11613334548467974, 0.0819731396128631, 0.11807475028526121, 368.55061136179967, 5.728516899428101, 1184390.0748466502]\n",
      "3\n",
      "[1 0 0 0]\n",
      "[[ 3.65428448e-02 -9.29625746e-01  7.01876683e+00 -1.60017243e+01]\n",
      " [-9.29625746e-01  2.41805959e+01 -1.85619572e+02  4.28122153e+02]\n",
      " [ 7.01876683e+00 -1.85619572e+02  1.44682340e+03 -3.37616078e+03]\n",
      " [-1.60017243e+01  4.28122153e+02 -3.37616078e+03  7.95536134e+03]]\n",
      "0.05969592195815824\n",
      "0.19116182889573077\n",
      "[nan, 0.12511357699815098, 0.21945750339024972, 0.4997978393171837, 0.08196466876644735, 22.557549523008806, 6189.998237007266, 3693779.013447903]\n",
      "4\n",
      "[1 0 0 0 0]\n",
      "[[ 6.45437525e-01 -2.31219364e+01  2.85600673e+02 -1.45201872e+03\n",
      "   2.58360976e+03]\n",
      " [-2.31219364e+01  8.33984460e+02 -1.03619285e+04  5.29290875e+04\n",
      "  -9.45184324e+04]\n",
      " [ 2.85600673e+02 -1.03619285e+04  1.29459484e+05 -6.64397618e+05\n",
      "   1.19088130e+06]\n",
      " [-1.45201872e+03  5.29290875e+04 -6.64397618e+05  3.42401222e+06\n",
      "  -6.15829999e+06]\n",
      " [ 2.58360976e+03 -9.45184324e+04  1.19088130e+06 -6.15829999e+06\n",
      "   1.11079150e+07]]\n",
      "0.42137694416067806\n",
      "0.803391265236275\n",
      "[nan, 0.0569041038582993, 0.09988824902580352, 0.23876684356665684, 0.12946284208365186, 7.529793976467284, 279.2681765696655, 1619649.5328746226]\n",
      "1\n",
      "[1 0]\n",
      "[[ 0.00052245 -0.00364077]\n",
      " [-0.00364077  0.03095417]]\n",
      "0.0006335871837409022\n",
      "0.022857215400419507\n",
      "[nan, 0.13965605109363288, 0.047015670029274516, 0.18177098845460066, 0.09199083590176456, 336.61377019817047, 7052.282097673459, 151539.9233363121]\n",
      "2\n",
      "[1 0 0]\n",
      "[[ 3.42091538e-03 -5.39496291e-02  1.78996507e-01]\n",
      " [-5.39496291e-02  9.02110572e-01 -3.09709862e+00]\n",
      " [ 1.78996507e-01 -3.09709862e+00  1.10065366e+01]]\n",
      "0.0059138174635607445\n",
      "0.05848859192063822\n",
      "[nan, 0.067663102612389, 0.02209041915784454, 0.09111676228674027, 0.054442657689565466, 168.06468688316306, 759.4474741978532, 90418.89783601723]\n",
      "2\n",
      "[1 0 0]\n",
      "[[ 1.59781251e-03 -2.51983408e-02  8.36041878e-02]\n",
      " [-2.51983408e-02  4.21350247e-01 -1.44656686e+00]\n",
      " [ 8.36041878e-02 -1.44656686e+00  5.14084079e+00]]\n",
      "0.003815058444815095\n",
      "0.03997264697226665\n",
      "[nan, 0.33731891236840805, 0.059150131562872466, 0.23545032620160308, 0.4276829139292801, 74.4590083941183, 2.6557706084660495, 2448383.38386515]\n",
      "2\n",
      "[1 0 0]\n",
      "[[ 4.04356994e-03 -6.36231393e-02  2.11144792e-01]\n",
      " [-6.36231393e-02  1.06203938e+00 -3.64774725e+00]\n",
      " [ 2.11144792e-01 -3.64774725e+00  1.29635872e+01]]\n",
      "0.011265702704495043\n",
      "0.06358907088023379\n",
      "[nan, 0.1592468663390404, 0.030980886475041804, 0.1089046119768446, 0.2720812785993828, 44.94086392752704, 66.43177784669766, 1105738.7421336253]\n",
      "2\n",
      "[1 0 0]\n",
      "[[ 2.05874807e-03 -3.23931625e-02  1.07502519e-01]\n",
      " [-3.23931625e-02  5.40728033e-01 -1.85721856e+00]\n",
      " [ 1.07502519e-01 -1.85721856e+00  6.60029699e+00]]\n",
      "0.006664698410954682\n",
      "0.04537342914415128\n",
      "[nan, 0.627732472924918, 0.0975813468469291, 0.15741116900171592, 1.1787674476877905, 169.06005132937153, 1796.1568933215628, 917756.4730172288]\n",
      "2\n",
      "[1 0 0]\n",
      "[[ 5.17994797e-03 -8.14255801e-02  2.70178667e-01]\n",
      " [-8.14255801e-02  1.35647040e+00 -4.65617452e+00]\n",
      " [ 2.70178667e-01 -4.65617452e+00  1.65327643e+01]]\n",
      "0.018925093624597517\n",
      "0.07197185542914374\n",
      "[nan, 0.2849849193484667, 0.048205300161679177, 0.058198540167004806, 0.7562907345752722, 90.11774035874866, 692.4803784090203, 463824.65835707326]\n",
      "2\n",
      "[1 0 0]\n",
      "[[ 2.52771026e-03 -3.97340430e-02  1.31841748e-01]\n",
      " [-3.97340430e-02  6.61930239e-01 -2.27211940e+00]\n",
      " [ 1.31841748e-01 -2.27211940e+00  8.06765599e+00]]\n",
      "0.009513429322562123\n",
      "0.05027633896060806\n",
      "[nan, 0.8441213409070116, 0.12223803022481583, 0.5494594013088024, 0.5722816878940804, 119.21604614103003, 26091.221472839818, 52041.11714222053]\n",
      "2\n",
      "[1 0 0]\n",
      "[[ 7.65705278e-03 -1.20713520e-01  3.99898436e-01]\n",
      " [-1.20713520e-01  2.01773680e+00 -6.91356592e+00]\n",
      " [ 3.99898436e-01 -6.91356592e+00  2.44989624e+01]]\n",
      "0.017112967906756024\n",
      "0.08750458717154058\n",
      "[nan, 0.36865138630880456, 0.053309668192980594, 0.19160898161370954, 0.34712491737817663, 79.1691822516478, 12208.50577890029, 7130.792946051871]\n",
      "2\n",
      "[1 0 0]\n",
      "[[ 3.32158997e-03 -5.23649031e-02  1.73473884e-01]\n",
      " [-5.23649031e-02  8.75283847e-01 -2.99906938e+00]\n",
      " [ 1.73473884e-01 -2.99906938e+00  1.06275241e+01]]\n",
      "0.007178939936638245\n",
      "0.05763323666246237\n",
      "[nan, 0.325995444719938, 0.3369756010644808, 0.937089885746285, 46.96583142123376, 670.1027891299376, 46719.65903457136, 1670478.9360090075]\n",
      "1\n",
      "[1 0]\n",
      "[[ 0.00313879 -0.02211502]\n",
      " [-0.02211502  0.18933964]]\n",
      "0.0019247935063199306\n",
      "0.05602489666643558\n",
      "[nan, 0.1472405289986853, 0.15043238919202973, 0.38029164606445176, 21.16108784007927, 315.6793788513616, 20955.692586419653, 676032.9450868046]\n",
      "1\n",
      "[1 0]\n",
      "[[ 0.00141553 -0.00997341]\n",
      " [-0.00997341  0.08538823]]\n",
      "0.0009002646600035659\n",
      "0.03762351026816314\n"
     ]
    }
   ],
   "source": [
    "# Data generated by Jij_Extrapolation.ipynb\n",
    "#file = np.load('plotting_data_fig_4_12-3.npz')\n",
    "file = np.load('plotting_data_fig_4.npz')\n",
    "#file = np.load('plotting_data_fig_4_12-13_good.npz')\n",
    "#file = np.load('plotting_data_fig_4_12-3_v2.npz')\n",
    "if to_run == 'new_data':\n",
    "    file = np.load('plotting_data_fig_4_12-20_v1.npz')\n",
    "    slope = 0.0241\n",
    "    intercept = 0.0528\n",
    "    t_w = [0.00, 0.122, 0.367, 0.734, 0.979, 1.22, 1.84]\n",
    "    t_ms = np.array(t_w)/409.6*1e3\n",
    "\n",
    "\n",
    "#np.savez('Plotting data', times = times, leakage_matrix = leakage_matrix, flopping_matrix = flopping_matrix, flopping_std_matrix = flopping_std_matrix, flopping_matrix_ps = flopping_matrix_ps, flopping_matrix_smooth = flopping_matrix_smooth, flopping_std_matrix_smooth = flopping_std_matrix_smooth, ZNE_data = ZNE_data, ZNE_data_smooth = ZNE_data_smooth, Omega = Omega, decoherence_limit = decoherence_limit)\n",
    "\n",
    "times = file['times']\n",
    "theta_list = file['theta_list']\n",
    "#!!!!!!!!!!!!!!!!!!\n",
    "if to_run == 'new_data':\n",
    "    theta_list = slope*t_ms + intercept\n",
    "#!!!!!!!!!!!!!!!!!!\n",
    "print('Theta_list')\n",
    "print(theta_list)\n",
    "print('Fitted Theta_list')\n",
    "\n",
    "\n",
    "flopping_ps_smoothed = file['flopping_ps_smoothed']\n",
    "flopping_std_matrix = file['flopping_std_matrix']\n",
    "shots = file['shots']\n",
    "print(shots)\n",
    "Omega = file['Omega']\n",
    "flopping_matrix_smooth = file['flopping_matrix_smooth']\n",
    "flopping_matrix = file['flopping_matrix']\n",
    "leakage_matrix = file['leakage_matrix']\n",
    "#remove nans and infs from all of the above:\n",
    "flopping_matrix = np.nan_to_num(flopping_matrix)\n",
    "flopping_matrix_smooth = np.nan_to_num(flopping_matrix_smooth)\n",
    "flopping_ps_smoothed = np.nan_to_num(flopping_ps_smoothed)\n",
    "flopping_std_matrix = np.nan_to_num(flopping_std_matrix)\n",
    "leakage_matrix = np.nan_to_num(leakage_matrix)\n",
    "\n",
    "\n",
    "#import all data:\n",
    "\n",
    "theta_sub_index = [0, 1, 2, 3, 4, 5]#, 6, 7, 8]\n",
    "theta_sub_index = [i for i in range(len(theta_list))]#[0,1,2,3,4,5,6]\n",
    "theta_sub_index_mask = [i in theta_sub_index for i in range(len(theta_list))]\n",
    "print(theta_list[theta_sub_index_mask])\n",
    "weights_comp = np.array([1, 1, 1, 1, 1.5, 2,4])\n",
    "weights_comp = np.ones(len(theta_sub_index))\n",
    "#Make font size 16\n",
    "\n",
    "ZNE_function = converge_ZNE_loocv\n",
    "ZNE_function = lambda x, y, weights: converge_ZNE_loocv(x, y, debug=False, y_error=weights, return_cov=True, remove_first=False)\n",
    "\n",
    "#Get ZNed Data:\n",
    "ZNE_data_ps = np.zeros(len(times))\n",
    "ZNE_data_raw = np.zeros(len(times))\n",
    "ZNE_data_ps_errors = np.zeros(len(times))\n",
    "ZNE_data_raw_errors = np.zeros(len(times))\n",
    "ZNE_funcs = []\n",
    "ZNE_funcs_ps = []\n",
    "for i in range(30):\n",
    "    #fit_func = third_no_first_ZNE(theta_list[theta_sub_index_mask], flopping_matrix[i,theta_sub_index_mask])\n",
    "    fit_func, error = ZNE_function(theta_list[theta_sub_index_mask], flopping_ps_smoothed[i,theta_sub_index_mask], weights=flopping_std_matrix[i,theta_sub_index_mask]/np.sqrt(shots)*weights_comp)\n",
    "    ZNE_funcs_ps.append(fit_func)\n",
    "    ZNE_data_ps[i] = fit_func(0)\n",
    "    ZNE_data_ps_errors[i] = error\n",
    "    fit_func, error = ZNE_function(theta_list[theta_sub_index_mask], flopping_matrix_smooth[i,theta_sub_index_mask], weights=flopping_std_matrix[i,theta_sub_index_mask]/np.sqrt(shots)*weights_comp)\n",
    "    ZNE_funcs.append(fit_func)\n",
    "    ZNE_data_raw[i] = fit_func(0)\n",
    "    ZNE_data_raw_errors[i] = error\n",
    "\n",
    "ZNE_data_smooth_ps = ZNE_data_ps#savgol_filter(ZNE_data_ps, 6, 2)\n",
    "ZNE_data_smooth = ZNE_data_raw#savgol_filter(ZNE_data_raw, 6, 2)\n",
    "\n",
    "dense_theta = np.linspace(0, theta_list[theta_sub_index[-1]]+0.02, 25)\n"
   ]
  },
  {
   "cell_type": "code",
   "execution_count": 6,
   "metadata": {},
   "outputs": [
    {
     "name": "stdout",
     "output_type": "stream",
     "text": [
      "(30,)\n",
      "(30, 9)\n",
      "2.960784580962004\n"
     ]
    }
   ],
   "source": [
    "#Get the default value of J by fitting to the cetina envelope function:\n",
    "print(times.shape)\n",
    "print(flopping_ps_smoothed.shape)\n",
    "popt, pcov = curve_fit(cetina_envelope_exp, times, flopping_ps_smoothed[:,0], p0=[0.1, Omega[0]/2])\n",
    "J = popt[1]/2\n",
    "print(J)"
   ]
  },
  {
   "cell_type": "code",
   "execution_count": 7,
   "metadata": {},
   "outputs": [
    {
     "name": "stdout",
     "output_type": "stream",
     "text": [
      "[0.         0.08413281 0.16826563 0.25239844 0.33653125 0.42066406\n",
      " 0.50479688 0.58892969 0.6730625  0.75719531 0.84132812 0.92546094\n",
      " 1.00959375 1.09372656 1.17785937 1.26199219 1.346125   1.43025781\n",
      " 1.51439063 1.59852344 1.68265625 1.76678906 1.85092188 1.93505469\n",
      " 2.0191875  2.10332031 2.18745313 2.27158594 2.35571875 2.43985156]\n",
      "0.11135643749999999\n",
      "[0.05005183 0.21442118]\n"
     ]
    },
    {
     "data": {
